input_dim: 286
num_classes: 2
params:
  dropout_rate: 0.19036901647495016
  hidden_size: 360
  learning_rate: 0.002755640152398551
  learning_rate_decay: 0.5388009710050663
