input_dim: 286
num_classes: 2
params:
  dropout_rate: 0.39284200806033287
  hidden_size: 365
  learning_rate: 0.002342429880117368
  learning_rate_decay: 0.9789690376465894
