input_dim: 286
num_classes: 2
params:
  dropout_rate: 0.1874773885139422
  hidden_size: 368
  learning_rate: 0.0022981965120738076
  learning_rate_decay: 0.958924148623765
