input_dim: 286
num_classes: 2
params:
  dropout_rate: 0.011232170700260346
  hidden_size: 116
  learning_rate: 0.0007472807096147856
  learning_rate_decay: 0.39113989106447256
