input_dim: 286
num_classes: 2
params:
  dropout_rate: 0.1394670822552301
  hidden_size: 425
  learning_rate: 0.0004748792192207484
  learning_rate_decay: 0.7703717144191199
