input_dim: 286
num_classes: 2
params:
  dropout_rate: 0.4734162580407497
  hidden_size: 303
  learning_rate: 0.00023152331109047892
  learning_rate_decay: 0.44697371865859903
